1651 2 0 1 0
4760
7201
10704
12983
10151
10741
10844
16715
14437
-14729
-18968
-22990
-13203
2979
5227
9840
42
5429
4183
11509
10033
-2445
-5045
-21579
-14734
-7471
-1086
3607
-265
3696
-146
10228
10109
4756
2841
-10018
-8547
-7961
-1893
1249
-799
650
-2610
5237
933
-201
-4131
-15165
-7601
-7506
-1008
-863
-2052
-3593
-6678
-1542
-4077
174
-2307
-3097
-1430
-1660
3612
3260
5097
1616
1937
3696
4893
11160
11485
11817
10715
10262
14344
20194
-4998
-21042
-21350
-21215
-844
4423
9181
2698
3096
4575
8108
15187
-432
-2333
-17374
-21044
-9105
-4487
3807
-663
3953
-485
6167
13492
4913
6334
-6646
-10621
-8041
-4973
1218
-914
603
-3788
219
3786
1751
642
-10976
-11657
-8691
-4459
-404
-1661
-2675
-6887
-4153
-1841
-1242
200
-2332
-3328
-1776
1142
4167
4593
2694
2041
1826
5087
9609
12796
12305
9687
11246
11930
22816
-83
-20926
-20218
-25487
-1878
2776
9794
4987
1634
6012
5362
17351
1196
-715
-14906
-23746
-9679
-7098
5040
-133
4096
358
3277
14783
5395
8156
-4867
-10643
-8725
-7235
1972
-516
1900
-2881
626
6956
1926
576
-11072
-15443
-9409
-4789
1243
100
-1677
-5934
-4887
-816
-2456
353
-2780
-4036
-450
676
5582
5346
3733
2674
2060
6008
8740
14256
13234
9642
12019
11894
24592
-4302
-20073
-20096
-25172
1080
1427
12106
3711
3498
6289
6392
18042
-765
916
-17567
-22207
-8686
-7045
6283
-1221
5667
-653
5863
15381
4787
9719
-7094
-9324
-9112
-6353
2151
-1399
2421
-3569
2300
6509
2418
1803
-8379
-15179
-11728
-6579
-1186
1161
-386
-5358
-5148
-1309
-2667
1132
-2591
-5222
-479
-786
5281
5404
3527
1694
2180
6636
6452
14354
12219
9737
13132
9144
23977
6777
-20684
-17851
-27193
-5517
1778
9854
6909
1084
7531
2819
18988
3925
669
-11375
-25039
-11361
-9385
4863
-224
4470
1284
945
15981
6398
9926
-2107
-10122
-9292
-8747
1380
-1416
2596
-2838
-638
6209
2272
2903
-4876
-13101
-13894
-8376
-3179
-203
1155
-4838
-5806
-2224
-2618
709
-422
-5109
-2460
-741
3024
5502
3536
1561
1324
5779
5626
13601
15355
9387
14131
9023
23083
5810
-21050
-17703
-28664
-5306
-52
10007
7372
1468
8731
2996
19162
2766
1307
-12500
-25490
-11521
-11156
5051
-898
5610
1128
1802
16106
5566
11443
-3218
-9389
-9859
-9348
1088
-2488
3512
-3876
941
5696
4116
5656
-6615
-10837
-15321
-10582
-5021
-1172
1698
-3809
-3357
-3180
-1536
31
-1020
-4159
-4340
-781
2234
5880
3837
2257
1295
3637
6263
10827
13557
9179
11158
10114
15085
24603
-8702
-19812
-23196
-22453
178
4356
11497
1347
4953
2648
11263
16953
671
50
-22005
-20590
-11530
-3297
4719
111
6060
-3918
9496
13290
8280
8830
-7953
-8977
-12119
-3486
100
-38
2097
-5355
1573
1910
3116
2989
-6749
-11703
-13120
-6488
-3351
725
-534
-7163
-3301
-2968
-768
2236
-1767
-3388
-1849
876
4379
5349
3381
2364
3253
4552
8943
13985
11270
12401
12102
13704
23491
-11231
-18483
-22762
-21996
1231
914
11954
1269
6451
4537
11090
15761
-1558
90
-22441
-19203
-11263
-4816
4145
-890
7095
-3051
10780
12456
6937
8492
-9092
-7835
-11920
-4380
-625
-496
2115
